8.577182292938232422e-01 2.740030288696289062e-01 -4.350192844867706299e-01 1.945645958185195923e-01 6.102159023284912109e-01 7.679720520973205566e-01 4.758823812007904053e-01 -7.433429956436157227e-01 4.700820147991180420e-01
9.819118380546569824e-01 1.260212063789367676e-01 -1.413076519966125488e-01 -1.564269512891769409e-01 1.194553226232528687e-01 -9.804392457008361816e-01 -1.066761836409568787e-01 9.848092198371887207e-01 1.370076984167098999e-01
8.556941151618957520e-01 1.378081738948822021e-03 -5.174801349639892578e-01 1.368087232112884521e-01 9.638143777847290039e-01 2.287907004356384277e-01 4.990700781345367432e-01 -2.665706574916839600e-01 8.245418071746826172e-01
1.155141070485115051e-01 4.907360076904296875e-01 8.636172413825988770e-01 -3.151398599147796631e-01 8.426258563995361328e-01 -4.366561174392700195e-01 -9.419890642166137695e-01 -2.217202633619308472e-01 2.519856393337249756e-01
8.418598771095275879e-01 3.260272443294525146e-01 -4.300908744335174561e-01 -5.394292473793029785e-01 5.333717465400695801e-01 -6.515601277351379395e-01 1.697199232876300812e-02 7.805259227752685547e-01 6.248928904533386230e-01
1.585411280393600464e-01 -9.784231185913085938e-01 -1.324880719184875488e-01 3.869332671165466309e-01 -6.188325956463813782e-02 9.200289249420166016e-01 -9.083762168884277344e-01 -1.971264779567718506e-01 3.687734007835388184e-01
6.977062821388244629e-01 7.494306564331054688e-02 -7.124531865119934082e-01 6.818779110908508301e-01 -3.744083046913146973e-01 6.283797025680541992e-01 -2.196556925773620605e-01 -9.242305755615234375e-01 -3.123289942741394043e-01
-6.459888219833374023e-01 -7.204837799072265625e-01 2.521933317184448242e-01 7.385578155517578125e-01 -5.064051151275634766e-01 4.450686872005462646e-01 -1.929528117179870605e-01 4.737687706947326660e-01 8.592510223388671875e-01
-8.686686754226684570e-01 4.881071150302886963e-01 -8.465309441089630127e-02 -1.145058944821357727e-01 -3.640851080417633057e-01 -9.242999553680419922e-01 -4.819783270359039307e-01 -7.932171821594238281e-01 3.721604943275451660e-01
-6.487903743982315063e-02 7.007725238800048828e-01 -7.104284763336181641e-01 9.860738515853881836e-01 1.542702913284301758e-01 6.212145835161209106e-02 1.531310081481933594e-01 -6.965045332908630371e-01 -7.010223269462585449e-01
-6.032337546348571777e-01 -7.698018550872802734e-01 2.086004316806793213e-01 -3.225388228893280029e-01 4.746643602848052979e-01 8.189398646354675293e-01 -7.294366359710693359e-01 4.267304539680480957e-01 -5.346245169639587402e-01
-8.480839729309082031e-01 1.513368338346481323e-01 5.077900886535644531e-01 2.407548725605010986e-01 9.637651443481445312e-01 1.148647591471672058e-01 -4.720070958137512207e-01 2.196679115295410156e-01 -8.537887930870056152e-01
6.594943404197692871e-01 -5.670837759971618652e-01 4.934403002262115479e-01 -7.147271633148193359e-01 -6.763998270034790039e-01 1.779002547264099121e-01 2.328785955905914307e-01 -4.699994027614593506e-01 -8.513919115066528320e-01
-2.580377757549285889e-01 9.234618544578552246e-01 2.839628756046295166e-01 4.651793465018272400e-02 3.054508864879608154e-01 -9.510709643363952637e-01 -9.650143384933471680e-01 -2.322028577327728271e-01 -1.217753961682319641e-01
5.546846389770507812e-01 2.610035240650177002e-02 8.316512107849121094e-01 7.066144943237304688e-01 -5.425325632095336914e-01 -4.542624354362487793e-01 4.393414556980133057e-01 8.396291732788085938e-01 -3.193773627281188965e-01
-3.091951310634613037e-01 8.180757761001586914e-01 4.849230647087097168e-01 9.374892711639404297e-01 1.765579879283905029e-01 2.999018728733062744e-01 1.597254276275634766e-01 5.473383665084838867e-01 -8.215281963348388672e-01
5.864606238901615143e-03 2.560892999172210693e-01 -9.666353464126586914e-01 9.974672794342041016e-01 6.702377647161483765e-02 2.380817756056785583e-02 7.088457047939300537e-02 -9.643267989158630371e-01 -2.550476193428039551e-01
-6.408683061599731445e-01 6.948167085647583008e-01 -3.263703286647796631e-01 4.889909327030181885e-01 4.176072776317596436e-02 -8.712886571884155273e-01 -5.917564034461975098e-01 -7.179734110832214355e-01 -3.665221929550170898e-01
6.279496550559997559e-01 4.224371910095214844e-02 7.771066427230834961e-01 4.834720492362976074e-01 -8.036503791809082031e-01 -3.469882905483245850e-01 6.098639369010925293e-01 5.936005115509033203e-01 -5.250756144523620605e-01
-2.110165804624557495e-01 5.227427482604980469e-01 8.259612321853637695e-01 6.318264007568359375e-01 -5.717952847480773926e-01 5.233025550842285156e-01 7.458334565162658691e-01 6.322896480560302734e-01 -2.096243351697921753e-01
3.137615621089935303e-01 9.075895547866821289e-01 2.789891064167022705e-01 -9.163823723793029785e-01 2.125234007835388184e-01 3.392302691936492920e-01 2.485901415348052979e-01 -3.620981276035308838e-01 8.983806967735290527e-01
-2.159334421157836914e-01 3.351964056491851807e-01 9.170693755149841309e-01 9.176481962203979492e-01 -2.512371540069580078e-01 3.078989684581756592e-01 3.336085081100463867e-01 9.080327749252319336e-01 -2.533418536186218262e-01
-7.271355390548706055e-01 5.132570266723632812e-01 4.558958709239959717e-01 3.432301804423332214e-02 6.904433369636535645e-01 -7.225716710090637207e-01 -6.856353282928466797e-01 -5.097598433494567871e-01 -5.196624398231506348e-01
2.094290703535079956e-01 8.975695967674255371e-01 -3.879539966583251953e-01 -5.780680775642395020e-01 -2.063488364219665527e-01 -7.894665598869323730e-01 -7.886550426483154297e-01 3.896010518074035645e-01 4.756408929824829102e-01
8.757854700088500977e-01 3.172530829906463623e-01 -3.637999296188354492e-01 3.470882177352905273e-01 -9.376624226570129395e-01 1.786296628415584564e-02 -3.354544341564178467e-01 -1.419147849082946777e-01 -9.313058257102966309e-01
-3.650348633527755737e-02 -7.840197086334228516e-01 -6.196616888046264648e-01 9.164934158325195312e-01 -2.734552621841430664e-01 2.919965982437133789e-01 -3.983808457851409912e-01 -5.572569370269775391e-01 7.285310029983520508e-01
5.816182494163513184e-01 1.252402961254119873e-01 -8.037630915641784668e-01 -5.575073957443237305e-01 -6.581597328186035156e-01 -5.059756636619567871e-01 -5.923730134963989258e-01 7.423885464668273926e-01 -3.129752874374389648e-01
6.114796400070190430e-01 -1.611900925636291504e-01 -7.746679186820983887e-01 5.638785287737846375e-02 -9.676644802093505859e-01 2.458575367927551270e-01 -7.892484068870544434e-01 -1.940187364816665649e-01 -5.826179385185241699e-01
7.733663916587829590e-01 2.613535225391387939e-01 -5.775801539421081543e-01 2.063186913728713989e-01 7.577106952667236328e-01 6.191180348396301270e-01 5.994473099708557129e-01 -5.979706645011901855e-01 5.320658683776855469e-01
-7.005264163017272949e-01 -6.446647644042968750e-01 -3.060556054115295410e-01 4.616661965847015381e-01 -7.364344596862792969e-01 4.944983720779418945e-01 -5.441755652427673340e-01 2.051136493682861328e-01 8.135117292404174805e-01
-2.270849794149398804e-01 -7.597248554229736328e-01 6.093032956123352051e-01 -8.820230364799499512e-01 4.256877303123474121e-01 2.020526975393295288e-01 -4.128773808479309082e-01 -4.915364384651184082e-01 -7.667621970176696777e-01
-8.302608132362365723e-01 2.258732020854949951e-01 -5.095568895339965820e-01 3.921701759099960327e-02 -8.882693052291870117e-01 -4.576458036899566650e-01 -5.559936761856079102e-01 -3.999486565589904785e-01 7.286371588706970215e-01
-3.067656233906745911e-02 -1.687215417623519897e-01 -9.851862192153930664e-01 -9.121823310852050781e-01 4.076863825321197510e-01 -4.141638427972793579e-02 4.086348712444305420e-01 8.973989486694335938e-01 -1.664112061262130737e-01
8.418986797332763672e-01 -3.708926737308502197e-01 3.919761180877685547e-01 5.201564431190490723e-01 7.511506676673889160e-01 -4.064602851867675781e-01 -1.436799764633178711e-01 5.460872650146484375e-01 8.253149390220642090e-01
3.680554032325744629e-01 -9.158335924148559570e-01 1.605746448040008545e-01 -9.296986460685729980e-01 -3.598865270614624023e-01 7.837167382240295410e-02 -1.398675329983234406e-02 -1.781311482191085815e-01 -9.839074015617370605e-01
7.316955924034118652e-01 1.976182758808135986e-01 6.523562073707580566e-01 2.550126910209655762e-01 -9.669132232666015625e-01 6.879805587232112885e-03 6.321313977241516113e-01 1.613251864910125732e-01 -7.578812837600708008e-01
-7.429363206028938293e-03 -5.183880776166915894e-02 9.986277818679809570e-01 1.654986739158630371e-01 -9.849468469619750977e-01 -4.989739134907722473e-02 9.861820340156555176e-01 1.649008691310882568e-01 1.589678227901458740e-02
-2.760282158851623535e-01 5.494083836674690247e-02 9.595780372619628906e-01 2.866773605346679688e-01 9.576286077499389648e-01 2.763519622385501862e-02 -9.174010157585144043e-01 2.827173769474029541e-01 -2.800827920436859131e-01
-3.822872638702392578e-01 -6.391739845275878906e-01 -6.673178076744079590e-01 -1.522718816995620728e-01 -6.687229275703430176e-01 7.277520298957824707e-01 -9.114108681678771973e-01 3.798240721225738525e-01 1.583160161972045898e-01
-5.654726624488830566e-01 -8.236929178237915039e-01 -4.208046942949295044e-02 3.820730745792388916e-01 -2.163975834846496582e-01 -8.984388113021850586e-01 7.309315204620361328e-01 -5.241203904151916504e-01 4.370777606964111328e-01
-8.356942534446716309e-01 1.825557351112365723e-01 5.179657340049743652e-01 -5.208322405815124512e-01 3.572746366262435913e-02 -8.529110550880432129e-01 -1.742094159126281738e-01 -9.825460910797119141e-01 6.522367149591445923e-02
6.487500071525573730e-01 -7.578799128532409668e-01 -6.885841488838195801e-02 6.078134179115295410e-01 4.615857601165771484e-01 6.461434960365295410e-01 -4.579151570796966553e-01 -4.610386788845062256e-01 7.601033449172973633e-01
1.832077503204345703e-01 5.594848394393920898e-01 8.083388805389404297e-01 -4.121319949626922607e-01 -7.027993798255920410e-01 5.798451304435729980e-01 8.925145268440246582e-01 -4.393744468688964844e-01 1.018232926726341248e-01
-7.641035914421081543e-01 -4.316780269145965576e-01 -4.793744683265686035e-01 2.946375310420989990e-01 -8.946074247360229492e-01 3.359560072422027588e-01 -5.738767981529235840e-01 1.154634803533554077e-01 8.107611536979675293e-01
-9.610449671745300293e-01 9.518951177597045898e-03 2.762283086776733398e-01 9.369757771492004395e-02 -9.290071725845336914e-01 3.580036759376525879e-01 2.600258886814117432e-01 3.699395358562469482e-01 8.919256329536437988e-01
1.168016046285629272e-01 4.479294121265411377e-01 8.864065408706665039e-01 -8.115430474281311035e-01 -4.714396297931671143e-01 3.451702892780303955e-01 5.724991559982299805e-01 -7.596735358238220215e-01 3.084490895271301270e-01
2.358936369419097900e-01 9.690502285957336426e-01 -7.277300953865051270e-02 -5.547065660357475281e-02 -6.133692711591720581e-02 -9.965745210647583008e-01 -9.701944589614868164e-01 2.391223609447479248e-01 3.928485885262489319e-02
-4.048958718776702881e-01 1.504091024398803711e-01 9.019071459770202637e-01 8.988842368125915527e-01 -1.152487397193908691e-01 4.227586090564727783e-01 1.675303876399993896e-01 9.818833470344543457e-01 -8.853662759065628052e-02
4.307036101818084717e-01 -9.020764827728271484e-01 2.743082866072654724e-02 8.128372430801391602e-01 4.009444415569305420e-01 4.225389659404754639e-01 -3.921607136726379395e-01 -1.596922576427459717e-01 9.059295654296875000e-01
-1.183041855692863464e-01 7.934839725494384766e-01 5.969818234443664551e-01 9.893291592597961426e-01 4.270059615373611450e-02 1.392999589443206787e-01 8.504080772399902344e-02 6.070913076400756836e-01 -7.900685071945190430e-01
-6.179402470588684082e-01 -1.919865161180496216e-01 -7.624244689941406250e-01 7.842362523078918457e-01 -2.194430232048034668e-01 -5.803605318069458008e-01 -5.588734522461891174e-02 -9.565490484237670898e-01 2.861654460430145264e-01
-6.609441041946411133e-01 2.272919118404388428e-01 -7.151861786842346191e-01 -6.671158671379089355e-01 2.584900856018066406e-01 6.986697316169738770e-01 3.436705172061920166e-01 9.388936758041381836e-01 -1.921745762228965759e-02
-8.065730333328247070e-01 3.767851889133453369e-01 4.554918706417083740e-01 -5.230134129524230957e-01 -9.575614333152770996e-02 -8.469283580780029297e-01 -2.754939496517181396e-01 -9.213379621505737305e-01 2.742980420589447021e-01
-8.440051227807998657e-02 -8.748895525932312012e-01 4.769117534160614014e-01 -1.469600647687911987e-01 4.843149185180664062e-01 8.624626398086547852e-01 -9.855350255966186523e-01 2.705305814743041992e-03 -1.694502532482147217e-01
-9.572256207466125488e-01 1.708187162876129150e-01 -2.335381805896759033e-01 -2.582907378673553467e-01 -8.682340979576110840e-01 4.236219227313995361e-01 -1.304032653570175171e-01 4.658225178718566895e-01 8.752167820930480957e-01
4.661013782024383545e-01 -8.156418800354003906e-01 3.427506089210510254e-01 -7.416722774505615234e-01 -5.714372992515563965e-01 -3.512573540210723877e-01 4.823606908321380615e-01 -9.048709273338317871e-02 -8.712865710258483887e-01
-9.062107801437377930e-01 3.915944695472717285e-01 1.594859361648559570e-01 2.327261567115783691e-01 7.768567204475402832e-01 -5.850915312767028809e-01 -3.530163466930389404e-01 -4.930997192859649658e-01 -7.951302528381347656e-01
-4.700295329093933105e-01 -3.349595069885253906e-01 -8.166238069534301758e-01 -8.296322226524353027e-01 -1.481661945581436157e-01 5.382910370826721191e-01 -3.013017475605010986e-01 9.305101633071899414e-01 -2.082507163286209106e-01
5.670522451400756836e-01 -7.330549955368041992e-01 3.756089508533477783e-01 3.427225053310394287e-01 6.246460676193237305e-01 7.016826868057250977e-01 -7.489947080612182617e-01 -2.691611051559448242e-01 6.054413914680480957e-01
-3.223796188831329346e-01 -6.542426943778991699e-01 -6.841329932212829590e-01 -2.575846314430236816e-01 -6.348176598548889160e-01 7.284619212150573730e-01 -9.108905196189880371e-01 4.110634326934814453e-01 3.612942621111869812e-02
5.997610092163085938e-01 7.967382669448852539e-01 7.412725687026977539e-02 3.238040022552013397e-03 -9.505414962768554688e-02 9.954668283462524414e-01 8.001726269721984863e-01 -5.968021750450134277e-01 -5.958964303135871887e-02
-3.711037337779998779e-01 -6.382495760917663574e-01 6.744772195816040039e-01 -7.685678005218505859e-01 6.187496185302734375e-01 1.626419872045516968e-01 -5.211387276649475098e-01 -4.580244421958923340e-01 -7.201583385467529297e-01
9.572508931159973145e-01 1.712212264537811279e-01 2.331394255161285400e-01 -2.837281227111816406e-01 3.989337980747222900e-01 8.719805479049682617e-01 5.629438534379005432e-02 -9.008523821830749512e-01 4.304600059986114502e-01
-1.075482964515686035e-01 1.475079804658889771e-01 -9.831962585449218750e-01 4.575160145759582520e-01 -8.706536889076232910e-01 -1.806693524122238159e-01 -8.826735019683837891e-01 -4.692586958408355713e-01 2.615004964172840118e-02
2.003593370318412781e-02 -8.990067839622497559e-01 4.374761879444122314e-01 -8.592637777328491211e-01 2.082178294658660889e-01 4.672377109527587891e-01 -5.111402273178100586e-01 -3.852689862251281738e-01 -7.683120965957641602e-01
8.052412271499633789e-01 -5.900501012802124023e-01 5.854426324367523193e-02 -3.160765767097473145e-01 -3.436076939105987549e-01 8.843241930007934570e-01 -5.016793608665466309e-01 -7.305988073348999023e-01 -4.631880819797515869e-01
4.191732704639434814e-01 8.959359526634216309e-01 -1.469440609216690063e-01 5.575312972068786621e-01 -1.262760460376739502e-01 8.204957246780395508e-01 7.165560722351074219e-01 -4.258558154106140137e-01 -5.524438619613647461e-01
3.911117017269134521e-01 3.071844875812530518e-01 8.675651550292968750e-01 1.817620694637298584e-01 8.983063101768493652e-01 -4.000103175640106201e-01 -9.022163152694702148e-01 3.141391575336456299e-01 2.955036163330078125e-01
-1.110077202320098877e-01 9.768878221511840820e-01 -1.826680153608322144e-01 -4.844822287559509277e-01 -2.136777639389038086e-01 -8.483034968376159668e-01 -8.677294254302978516e-01 -5.668833851814270020e-03 4.970046281814575195e-01
9.121637940406799316e-01 -3.787969648838043213e-01 1.564293652772903442e-01 3.603448569774627686e-01 5.594919323921203613e-01 -7.464049458503723145e-01 1.952149868011474609e-01 7.372121214866638184e-01 6.468457579612731934e-01
3.931272625923156738e-01 7.833920121192932129e-01 -4.814021885395050049e-01 2.462475597858428955e-01 -5.941328406333923340e-01 -7.657469511032104492e-01 -8.858968019485473633e-01 1.824918836355209351e-01 -4.264781475067138672e-01
3.193688392639160156e-01 1.299649849534034729e-02 9.475414156913757324e-01 -9.278098940849304199e-01 2.077255249023437500e-01 3.098691403865814209e-01 -1.928013116121292114e-01 -9.781008362770080566e-01 7.839933037757873535e-02
6.522691845893859863e-01 9.033621847629547119e-02 7.525850534439086914e-01 2.078280746936798096e-01 9.335089325904846191e-01 -2.921789586544036865e-01 -7.289392352104187012e-01 3.469876348972320557e-01 5.901247262954711914e-01
8.932546973228454590e-01 -4.452986419200897217e-01 -6.168705970048904419e-02 8.732119202613830566e-02 3.725954890251159668e-02 9.954832196235656738e-01 -4.409888386726379395e-01 -8.946066498756408691e-01 7.216626405715942383e-02
8.804399371147155762e-01 -2.655516564846038818e-01 3.928203880786895752e-01 -1.157129704952239990e-01 -9.237443804740905762e-01 -3.651122152805328369e-01 4.598217606544494629e-01 2.760049700736999512e-01 -8.440291881561279297e-01
-7.458211779594421387e-01 3.892261385917663574e-01 5.406050086021423340e-01 5.800698995590209961e-01 -1.953558623790740967e-02 8.143324255943298340e-01 3.275204896926879883e-01 9.209350347518920898e-01 -2.112083137035369873e-01
-2.074966281652450562e-01 3.744646906852722168e-02 9.775187969207763672e-01 -9.742514491081237793e-01 -9.800742566585540771e-02 -2.030486315488815308e-01 8.820063620805740356e-02 -9.944810271263122559e-01 5.681848153471946716e-02
-6.348448395729064941e-01 6.769042611122131348e-01 -3.725220859050750732e-01 2.621231973171234131e-01 -2.648591995239257812e-01 -9.279768466949462891e-01 -7.268173694610595703e-01 -6.867680549621582031e-01 -9.287846274673938751e-03
-7.477824091911315918e-01 2.442350983619689941e-01 -6.173902153968811035e-01 8.216987550258636475e-02 -8.886909484863281250e-01 -4.510837495326995850e-01 -6.588395833969116211e-01 -3.880433738231658936e-01 6.444786787033081055e-01
7.249948382377624512e-01 -6.317340135574340820e-01 -2.743985950946807861e-01 4.145966768264770508e-01 7.184163928031921387e-01 -5.585583448410034180e-01 5.499927997589111328e-01 2.911871671676635742e-01 7.827630043029785156e-01
4.897778928279876709e-01 -6.423735022544860840e-01 -5.894691944122314453e-01 6.536070704460144043e-01 -1.769182831048965454e-01 7.358652949333190918e-01 -5.769882202148437500e-01 -7.456917762756347656e-01 3.332091867923736572e-01
9.388502240180969238e-01 3.165283501148223877e-01 -1.355362087488174438e-01 3.431563675403594971e-01 -8.925396203994750977e-01 2.926033735275268555e-01 -2.835417725145816803e-02 -3.212208449840545654e-01 -9.465797543525695801e-01
3.451031148433685303e-01 4.268445372581481934e-01 8.358873128890991211e-01 4.071233272552490234e-01 -8.705316185951232910e-01 2.764513194561004639e-01 8.456680178642272949e-01 2.449050247669219971e-01 -4.742015004158020020e-01
-9.336476325988769531e-01 -1.384241878986358643e-01 -3.303648233413696289e-01 -7.140070945024490356e-02 9.757224321365356445e-01 -2.070453017950057983e-01 3.510044515132904053e-01 -1.697190701961517334e-01 -9.208644628524780273e-01
-1.965763717889785767e-01 -7.251834273338317871e-01 -6.598990559577941895e-01 -3.288629651069641113e-01 -5.852792263031005859e-01 7.411459684371948242e-01 -9.236919879913330078e-01 3.627081513404846191e-01 -1.234338879585266113e-01
4.235949814319610596e-01 -8.851431608200073242e-01 -1.925847232341766357e-01 6.505682468414306641e-01 1.493255645036697388e-01 7.446225881576538086e-01 -6.303398013114929199e-01 -4.407078921794891357e-01 6.390995979309082031e-01
4.173538386821746826e-01 8.242851495742797852e-01 -3.825830519199371338e-01 8.770478367805480957e-01 -2.551404535770416260e-01 4.070509374141693115e-01 2.379136383533477783e-01 -5.054278969764709473e-01 -8.294213414192199707e-01
-8.769454956054687500e-01 -2.334818542003631592e-01 -4.200628101825714111e-01 -4.636991620063781738e-01 6.407565474510192871e-01 6.118937730789184570e-01 1.262919157743453979e-01 7.313802838325500488e-01 -6.701739430427551270e-01
-7.025091648101806641e-01 3.049219548702239990e-01 6.430423259735107422e-01 2.561647593975067139e-01 9.513411521911621094e-01 -1.712588965892791748e-01 -6.639732718467712402e-01 4.441383481025695801e-02 -7.464361190795898438e-01
-8.940370678901672363e-01 4.435851871967315674e-01 6.268937885761260986e-02 -4.090033769607543945e-01 -7.510991096496582031e-01 -5.182339549064636230e-01 -1.827949583530426025e-01 -4.889605343341827393e-01 8.529382348060607910e-01
1.706586182117462158e-01 9.550350308418273926e-01 2.424538582563400269e-01 -9.661488533020019531e-01 2.105070501565933228e-01 -1.491415947675704956e-01 -1.934736669063568115e-01 -2.087942212820053101e-01 9.586308002471923828e-01
3.572699427604675293e-01 -8.986635804176330566e-01 -2.544838190078735352e-01 -8.480078577995300293e-01 -1.979070305824279785e-01 -4.916456937789916992e-01 3.914599418640136719e-01 3.914545178413391113e-01 -8.327800035476684570e-01
7.910208702087402344e-01 3.389316797256469727e-02 -6.108496189117431641e-01 -2.245943695306777954e-01 -9.126609563827514648e-01 -3.414781391620635986e-01 -5.690723657608032227e-01 4.073097109794616699e-01 -7.143216133117675781e-01
-5.310724973678588867e-01 -7.675931453704833984e-01 3.588353991508483887e-01 -3.000541925430297852e-01 -2.256832420825958252e-01 -9.268411993980407715e-01 7.924200296401977539e-01 -5.998899340629577637e-01 -1.104653999209403992e-01
-8.738791942596435547e-01 4.587232172489166260e-01 1.609601527452468872e-01 2.356061786413192749e-01 1.100184619426727295e-01 9.656012058258056641e-01 4.252350926399230957e-01 8.817420005798339844e-01 -2.042208760976791382e-01
2.406649738550186157e-01 9.024966955184936523e-01 3.571835756301879883e-01 -9.704098105430603027e-01 2.162896394729614258e-01 1.073480248451232910e-01 1.962612569332122803e-02 -3.724493682384490967e-01 9.278449416160583496e-01
-5.818912982940673828e-01 7.967790961265563965e-01 1.629282385110855103e-01 -8.077390193939208984e-01 -5.429018139839172363e-01 -2.298156172037124634e-01 -9.465824067592620850e-02 -2.653312087059020996e-01 9.594994187355041504e-01
-7.645434141159057617e-01 -6.033911108970642090e-01 2.266993075609207153e-01 5.265246629714965820e-01 -3.817472457885742188e-01 7.596320509910583496e-01 -3.718133568763732910e-01 7.001344561576843262e-01 6.095626354217529297e-01
-1.258061379194259644e-01 3.659232258796691895e-01 9.221025109291076660e-01 -9.766417741775512695e-01 -2.088913470506668091e-01 -5.035159736871719360e-02 1.741944104433059692e-01 -9.068983793258666992e-01 3.836557269096374512e-01
5.033141374588012695e-01 3.793378174304962158e-02 -8.632705211639404297e-01 5.425963401794433594e-01 -7.913940548896789551e-01 2.815755307674407959e-01 -6.725058555603027344e-01 -6.101284027099609375e-01 -4.189025461673736572e-01
-8.323358893394470215e-01 3.923660516738891602e-02 -5.528810024261474609e-01 2.240343540906906128e-01 -8.885622024536132812e-01 -4.003320932388305664e-01 -5.069768428802490234e-01 -4.570751190185546875e-01 7.307919263839721680e-01
-6.622676551342010498e-02 -1.857507228851318359e-01 9.803625345230102539e-01 -9.954146742820739746e-01 -5.566254258155822754e-02 -7.779005914926528931e-02 6.901902705430984497e-02 -9.810190796852111816e-01 -1.812126487493515015e-01
5.557432174682617188e-01 4.624499082565307617e-01 6.908615827560424805e-01 8.224800229072570801e-01 -1.847439110279083252e-01 -5.379557013511657715e-01 -1.211450994014739990e-01 8.671851158142089844e-01 -4.830259680747985840e-01
6.142988204956054688e-01 -5.450035333633422852e-01 5.706208944320678711e-01 -7.198746800422668457e-01 -6.832218170166015625e-01 1.224278137087821960e-01 3.231370151042938232e-01 -4.859828054904937744e-01 -8.120365142822265625e-01
-2.896128594875335693e-01 9.571266770362854004e-01 5.729943048208951950e-03 -9.466211199760437012e-01 -2.873089909553527832e-01 1.461575031280517578e-01 1.415375173091888428e-01 3.690500557422637939e-02 9.892446994781494141e-01
-8.194384574890136719e-01 2.886729240417480469e-01 4.951651692390441895e-01 -1.400600820779800415e-01 -9.385699629783630371e-01 3.153879344463348389e-01 5.557911396026611328e-01 1.890881359577178955e-01 8.095318675041198730e-01
-7.304605841636657715e-01 6.606299281120300293e-01 1.731919944286346436e-01 2.009127140045166016e-01 -3.450699150562286377e-02 9.790012240409851074e-01 6.527338027954101562e-01 7.499182820320129395e-01 -1.075229570269584656e-01
5.493314862251281738e-01 7.146628201007843018e-02 8.325428366661071777e-01 -5.290465354919433594e-01 8.009551763534545898e-01 2.803226411342620850e-01 -6.467958092689514160e-01 -5.944439768791198730e-01 4.777987897396087646e-01
-3.556389808654785156e-01 -9.119957685470581055e-01 2.044128179550170898e-01 9.190564155578613281e-01 -3.810003101825714111e-01 -1.008665338158607483e-01 1.698711961507797241e-01 1.519948393106460571e-01 9.736741185188293457e-01
4.444541633129119873e-01 -6.603981852531433105e-01 -6.052559614181518555e-01 8.859430551528930664e-01 2.240881025791168213e-01 4.060657918453216553e-01 -1.325344741344451904e-01 -7.166999578475952148e-01 6.846721172332763672e-01
-5.708181858062744141e-01 2.046295702457427979e-01 7.951687574386596680e-01 -7.729717493057250977e-01 -4.605408906936645508e-01 -4.363678097724914551e-01 2.769139707088470459e-01 -8.637296557426452637e-01 4.210579693317413330e-01
-1.028944551944732666e-02 2.738692164421081543e-01 -9.617118835449218750e-01 4.740752875804901123e-01 -8.454680442810058594e-01 -2.458382993936538696e-01 -8.804242014884948730e-01 -4.584533572196960449e-01 -1.211352199316024780e-01
-9.006419181823730469e-01 3.664794564247131348e-01 -2.335315048694610596e-01 -4.225161969661712646e-01 -6.128323674201965332e-01 6.677698493003845215e-01 1.016082614660263062e-01 7.000923752784729004e-01 7.067859768867492676e-01
8.943527936935424805e-01 2.553044557571411133e-01 3.673591315746307373e-01 2.489425539970397949e-01 3.982634246349334717e-01 -8.828442096710205078e-01 -3.716997504234313965e-01 8.810255527496337891e-01 2.926318645477294922e-01
-1.824464350938796997e-01 -5.633836984634399414e-01 -8.057991266250610352e-01 -7.877882719039916992e-01 5.741417407989501953e-01 -2.230492830276489258e-01 5.883051753044128418e-01 5.941045880317687988e-01 -5.485771298408508301e-01
1.828780174255371094e-01 -9.794681072235107422e-01 8.483982831239700317e-02 5.251316428184509277e-01 1.702716052532196045e-01 8.338130712509155273e-01 -8.311392068862915039e-01 -1.079340130090713501e-01 5.454886555671691895e-01
-3.894313275814056396e-01 6.299200654029846191e-01 6.719701290130615234e-01 -8.937379121780395508e-01 -4.348025918006896973e-01 -1.103599742054939270e-01 2.226564139127731323e-01 -6.435428261756896973e-01 7.323091626167297363e-01
-5.759052038192749023e-01 8.133116960525512695e-01 -8.280914276838302612e-02 7.993312478065490723e-01 5.814443826675415039e-01 1.516311913728713989e-01 1.714723110198974609e-01 2.113325893878936768e-02 -9.849622845649719238e-01
8.643720746040344238e-01 1.727325916290283203e-01 -4.722546041011810303e-01 1.445066034793853760e-01 -9.848619699478149414e-01 -9.573284536600112915e-02 -4.816417694091796875e-01 1.450489461421966553e-02 -8.762481808662414551e-01
8.538308143615722656e-01 -2.524861097335815430e-01 4.552183449268341064e-01 -6.512907147407531738e-02 8.158068656921386719e-01 5.746454000473022461e-01 -5.164601802825927734e-01 -5.202978849411010742e-01 6.801168918609619141e-01
-5.806645154953002930e-01 2.199019193649291992e-01 7.838826179504394531e-01 -7.659115791320800781e-01 -4.740231037139892578e-01 -4.343750476837158203e-01 2.760585546493530273e-01 -8.526109457015991211e-01 4.436737596988677979e-01
-5.318186879158020020e-01 7.264718413352966309e-02 -8.437365293502807617e-01 7.088639140129089355e-01 5.832950472831726074e-01 -3.965839743614196777e-01 4.633365571498870850e-01 -8.090051412582397461e-01 -3.617041707038879395e-01
-1.840955466032028198e-01 -9.828722476959228516e-01 -8.423294872045516968e-03 -3.815561234951019287e-01 7.935931533575057983e-02 -9.209327101707458496e-01 9.058276414871215820e-01 -1.663256585597991943e-01 -3.896306455135345459e-01
-6.772346049547195435e-02 -6.435601711273193359e-01 7.623935341835021973e-01 -6.412562131881713867e-01 6.134843826293945312e-01 4.608984589576721191e-01 -7.643324136734008789e-01 -4.576759636402130127e-01 -4.542342126369476318e-01
-8.092340230941772461e-01 -5.592221617698669434e-01 1.800304353237152100e-01 5.873846411705017090e-01 -7.758730649948120117e-01 2.302181273698806763e-01 1.093769539147615433e-02 2.920474410057067871e-01 9.563413262367248535e-01
4.095938801765441895e-01 8.017625808715820312e-01 -4.352121055126190186e-01 -8.807882070541381836e-01 4.717990159988403320e-01 4.022255167365074158e-02 2.375815659761428833e-01 3.668547868728637695e-01 8.994290232658386230e-01
6.873361468315124512e-01 -7.167006731033325195e-01 -1.179371327161788940e-01 -7.251948714256286621e-01 -6.680341362953186035e-01 -1.668018549680709839e-01 4.076098650693893433e-02 2.001763582229614258e-01 -9.789116382598876953e-01
7.084262967109680176e-01 -6.999353170394897461e-01 9.067971259355545044e-02 2.411266043782234192e-02 -1.044033691287040710e-01 -9.942426681518554688e-01 7.053728103637695312e-01 7.065342068672180176e-01 -5.708479136228561401e-02
9.595007896423339844e-01 -5.168807506561279297e-02 -2.769233584403991699e-01 -1.111018881201744080e-01 -9.727752804756164551e-01 -2.033828496932983398e-01 -2.588717341423034668e-01 2.259127199649810791e-01 -9.391213059425354004e-01
-1.995835155248641968e-01 7.207347750663757324e-01 6.638582348823547363e-01 -9.793571829795837402e-01 -1.245759651064872742e-01 -1.591866016387939453e-01 -3.203052282333374023e-02 -6.819253563880920410e-01 7.307201027870178223e-01
8.799989819526672363e-01 -4.591917991638183594e-01 -1.214278787374496460e-01 3.080168664455413818e-01 7.463138699531555176e-01 -5.900349617004394531e-01 3.615625202655792236e-01 4.818283617496490479e-01 7.981942296028137207e-01
3.482741713523864746e-01 2.901706844568252563e-02 -9.369434714317321777e-01 2.782193720340728760e-01 -9.576814174652099609e-01 7.375846803188323975e-02 -8.951531052589416504e-01 -2.863639891147613525e-01 -3.416088223457336426e-01
-4.965873956680297852e-01 -4.067253172397613525e-01 -7.667955756187438965e-01 7.262709736824035645e-01 -6.784747242927551270e-01 -1.104650646448135376e-01 -4.753224849700927734e-01 -6.117569804191589355e-01 6.323147416114807129e-01
-2.510829269886016846e-01 9.099425673484802246e-01 3.300937712192535400e-01 -4.907180070877075195e-01 -4.136060476303100586e-01 7.668936848640441895e-01 8.343579769134521484e-01 3.057095408439636230e-02 5.503745675086975098e-01
8.260109424591064453e-01 3.401437103748321533e-01 4.494532644748687744e-01 3.557198047637939453e-01 -9.331206679344177246e-01 5.243414267897605896e-02 4.372293055057525635e-01 1.165682524442672729e-01 -8.917636275291442871e-01
-4.056111872196197510e-01 1.579774320125579834e-01 9.002903699874877930e-01 4.913550913333892822e-01 -7.928507924079895020e-01 3.604966402053833008e-01 7.707462310791015625e-01 5.885837078094482422e-01 2.439661473035812378e-01
-3.337894678115844727e-01 8.992288708686828613e-01 2.827930748462677002e-01 8.407923579216003418e-01 4.196504950523376465e-01 -3.419965803623199463e-01 -4.262074828147888184e-01 1.236154064536094666e-01 -8.961396813392639160e-01
-6.846342682838439941e-01 -4.742249548435211182e-01 -5.535219907760620117e-01 -4.831739664077758789e-01 -2.733041942119598389e-01 8.317738771438598633e-01 -5.457277894020080566e-01 8.369083404541015625e-01 -4.201973229646682739e-02
9.149913191795349121e-01 4.017806649208068848e-01 3.692172840237617493e-02 -3.402668833732604980e-01 7.192395329475402832e-01 6.057333946228027344e-01 2.168163806200027466e-01 -5.668040513992309570e-01 7.948105931282043457e-01
4.247367382049560547e-02 -5.134046077728271484e-01 8.570949435234069824e-01 7.142310738563537598e-01 6.154686808586120605e-01 3.332751393318176270e-01 -6.986200809478759766e-01 5.980083942413330078e-01 3.928307294845581055e-01
2.243919074535369873e-01 9.644688367843627930e-01 -1.394563466310501099e-01 -3.463537693023681641e-01 2.126938998699188232e-01 9.136740565299987793e-01 9.108717441558837891e-01 -1.567198336124420166e-01 3.817742466926574707e-01
6.333467364311218262e-01 -5.654311776161193848e-01 -5.283554792404174805e-01 -4.518190920352935791e-01 -8.244769573211669922e-01 3.407304883003234863e-01 -6.282765865325927734e-01 2.292054891586303711e-02 -7.776523828506469727e-01
-2.002597153186798096e-01 -1.676180362701416016e-01 -9.652979969978332520e-01 -7.789050936698913574e-01 -5.704154372215270996e-01 2.606399059295654297e-01 -5.943088531494140625e-01 8.040711879730224609e-01 -1.632731780409812927e-02
-4.206388294696807861e-01 9.031580686569213867e-01 -8.584053069353103638e-02 1.996453106403350830e-02 1.038106232881546021e-01 9.943966865539550781e-01 9.070085287094116211e-01 4.165681004524230957e-01 -6.169790402054786682e-02
2.169448286294937134e-01 2.594813890755176544e-02 -9.758389592170715332e-01 -9.700228571891784668e-01 -1.064034104347229004e-01 -2.184811532497406006e-01 -1.095017716288566589e-01 9.939844012260437012e-01 2.086615888401865959e-03
8.479741215705871582e-01 -9.773056209087371826e-02 5.209497809410095215e-01 -4.951011240482330322e-01 2.048771530389785767e-01 8.443341851234436035e-01 -1.892479509115219116e-01 -9.738963842391967773e-01 1.253440082073211670e-01
-2.503322064876556396e-01 -8.911600112915039062e-01 3.783748447895050049e-01 -9.664608836174011230e-01 2.068742215633392334e-01 -1.521724462509155273e-01 5.733400210738182068e-02 -4.037781357765197754e-01 -9.130585789680480957e-01
7.548585534095764160e-02 -6.532242298126220703e-01 7.533923387527465820e-01 -2.678448855876922607e-01 7.144977450370788574e-01 6.463374495506286621e-01 -9.605004191398620605e-01 -2.505816221237182617e-01 -1.210282668471336365e-01
2.545582652091979980e-01 6.264013051986694336e-01 7.367641329765319824e-01 -7.523970603942871094e-01 6.069117784500122070e-01 -2.560405135154724121e-01 -6.075350046157836914e-01 -4.891619384288787842e-01 6.257969141006469727e-01
-5.474042296409606934e-01 1.299802362918853760e-01 8.267126083374023438e-01 7.691640257835388184e-01 4.673903584480285645e-01 4.358130395412445068e-01 -3.297504484653472900e-01 8.744435310363769531e-01 -3.558275699615478516e-01
-8.832517862319946289e-01 3.672768473625183105e-01 -2.915032207965850830e-01 -4.129683971405029297e-01 -3.148568868637084961e-01 8.545889854431152344e-01 2.220889627933502197e-01 8.751988410949707031e-01 4.297716021537780762e-01
-3.235658705234527588e-01 5.600574016571044922e-01 7.626538276672363281e-01 -7.349292039871215820e-01 -6.564263105392456055e-01 1.702455580234527588e-01 5.959733128547668457e-01 -5.054109096527099609e-01 6.239997148513793945e-01
3.963828682899475098e-01 8.921812772750854492e-01 2.165483087301254272e-01 -7.875522971153259277e-01 4.516564309597015381e-01 -4.192467331886291504e-01 -4.718495309352874756e-01 -4.360899329185485840e-03 8.816683292388916016e-01
2.604961097240447998e-01 6.913791298866271973e-01 6.738966703414916992e-01 -1.127983778715133667e-01 7.150090336799621582e-01 -6.899555325508117676e-01 -9.588630795478820801e-01 1.037162765860557556e-01 2.642435133457183838e-01
1.915436238050460815e-02 -1.723288893699645996e-01 9.848531484603881836e-01 9.929100871086120605e-01 1.188590526580810547e-01 1.486813300289213657e-03 -1.173149496316909790e-01 9.778421521186828613e-01 1.733837425708770752e-01
9.695365428924560547e-01 2.882770448923110962e-02 2.432445436716079712e-01 -1.573959141969680786e-01 -6.875803470611572266e-01 7.088440060615539551e-01 1.876845061779022217e-01 -7.255358099937438965e-01 -6.620968580245971680e-01
-4.762615263462066650e-01 -3.480574786663055420e-01 8.074843287467956543e-01 7.954360842704772949e-01 2.208667397499084473e-01 5.643575191497802734e-01 -3.747752904891967773e-01 9.110839366912841797e-01 1.716671288013458252e-01
1.717054694890975952e-01 1.447741836309432983e-01 9.744524955749511719e-01 9.847878813743591309e-01 1.532314345240592957e-03 -1.737542897462844849e-01 -2.664829976856708527e-02 9.894635677337646484e-01 -1.423087418079376221e-01
4.692363739013671875e-01 6.405436992645263672e-02 8.807464241981506348e-01 -1.075217202305793762e-01 9.940893650054931641e-01 -1.501302514225244522e-02 -8.765023350715637207e-01 -8.765470981597900391e-02 4.733501076698303223e-01
5.075598359107971191e-01 -1.292205303907394409e-01 -8.518715500831604004e-01 2.361966818571090698e-01 9.716824889183044434e-01 -6.664587184786796570e-03 8.286098241806030273e-01 -1.978265494108200073e-01 5.237084031105041504e-01
-3.482709527015686035e-01 9.296523332595825195e-01 1.202250048518180847e-01 8.937475085258483887e-01 2.906326651573181152e-01 3.416841924190521240e-01 2.827061414718627930e-01 2.264494746923446655e-01 -9.320933222770690918e-01
7.134544663131237030e-03 5.695643424987792969e-01 8.219158649444580078e-01 9.153015017509460449e-01 -3.347271382808685303e-01 2.240111976861953735e-01 4.027062952518463135e-01 7.507025599479675293e-01 -5.237111449241638184e-01
9.181030094623565674e-02 -8.108285069465637207e-01 -5.780382752418518066e-01 5.653733015060424805e-01 5.202969312667846680e-01 -6.400345563888549805e-01 8.197096586227416992e-01 -2.680456340312957764e-01 5.061894059181213379e-01
-2.639927268028259277e-01 2.185032665729522705e-01 -9.394488334655761719e-01 -7.024117708206176758e-01 6.239455938339233398e-01 3.425047993659973145e-01 6.610034108161926270e-01 7.502986788749694824e-01 -1.123782992362976074e-02
-8.449746966361999512e-01 4.759172499179840088e-01 2.439683526754379272e-01 3.902046680450439453e-01 8.605848550796508789e-01 -3.273133337497711182e-01 -3.657295107841491699e-01 -1.813738942146301270e-01 -9.128775596618652344e-01
4.740499854087829590e-01 6.233056783676147461e-01 6.219056844711303711e-01 1.921778470277786255e-01 6.160386204719543457e-01 -7.639136910438537598e-01 -8.592696189880371094e-01 4.816497564315795898e-01 1.722475588321685791e-01
-1.697985380887985229e-01 -6.115123033523559570e-01 7.728008031845092773e-01 8.061393350362777710e-02 7.729411721229553223e-01 6.293356418609619141e-01 -9.821761250495910645e-01 1.691587865352630615e-01 -8.194786310195922852e-02
-8.596800565719604492e-01 -3.414599001407623291e-01 -3.799414038658142090e-01 2.131598442792892456e-01 4.361345767974853516e-01 -8.742709159851074219e-01 4.642339944839477539e-01 -8.325815200805664062e-01 -3.021505773067474365e-01
-4.790255799889564514e-02 9.499150514602661133e-01 3.088151514530181885e-01 2.321446985006332397e-01 3.112919032573699951e-01 -9.215238690376281738e-01 -9.715009927749633789e-01 2.754645049571990967e-02 -2.354294061660766602e-01
-6.458019018173217773e-01 -7.593972682952880859e-01 -7.909330725669860840e-02 -7.412005662918090820e-01 6.484193205833435059e-01 -1.737071424722671509e-01 1.831983476877212524e-01 -5.355640128254890442e-02 -9.816160798072814941e-01
7.795939445495605469e-01 -6.237117648124694824e-01 5.671793594956398010e-02 5.380980968475341797e-01 7.134038209915161133e-01 4.488935768604278564e-01 -3.204429745674133301e-01 -3.194349110126495361e-01 8.917834162712097168e-01
-5.573927164077758789e-01 -1.524661481380462646e-01 8.161295652389526367e-01 -5.783612132072448730e-01 -6.339426040649414062e-01 -5.134345889091491699e-01 5.956606864929199219e-01 -7.582023739814758301e-01 2.651745080947875977e-01
-1.999542564153671265e-01 6.230170130729675293e-01 -7.562196850776672363e-01 -6.551898717880249023e-01 4.888475537300109863e-01 5.759811997413635254e-01 7.285221815109252930e-01 6.106373667716979980e-01 3.104472756385803223e-01
1.629878133535385132e-01 1.934385150671005249e-01 -9.674794077873229980e-01 -7.189015150070190430e-01 6.948833465576171875e-01 1.782471127808094025e-02 6.757334470748901367e-01 6.926172375679016113e-01 2.523207366466522217e-01
